Matrix contents:
    1.00     2.00     3.00     4.00 
    5.00     6.00     7.00     8.00 
    9.00    10.00    11.00    12.00 
   13.00    14.00    15.00    16.00 
Matrix contents:
    2.00     0.00     0.00     0.00 
    0.00     2.00     0.00     0.00 
    0.00     0.00     2.00     0.00 
    0.00     0.00     0.00     2.00 
Matrix contents:
    1.00     1.00     1.00     1.00 
    1.00     1.00     1.00     1.00 
    1.00     1.00     1.00     1.00 
    1.00     1.00     1.00     1.00 
Matrix contents:
    3.00     2.00     3.00     4.00 
    5.00     8.00     7.00     8.00 
    9.00    10.00    13.00    12.00 
   13.00    14.00    15.00    18.00 
Matrix contents:
    0.00     1.00     2.00     3.00 
    4.00     5.00     6.00     7.00 
    8.00     9.00    10.00    11.00 
   12.00    13.00    14.00    15.00 
Matrix contents:
    2.00     4.00     6.00     8.00 
   10.00    12.00    14.00    16.00 
   18.00    20.00    22.00    24.00 
   26.00    28.00    30.00    32.00 
Matrix contents:
    0.50     1.00     1.50     2.00 
    2.50     3.00     3.50     4.00 
    4.50     5.00     5.50     6.00 
    6.50     7.00     7.50     8.00 
Matrix contents:
    2.00     0.00     0.00     0.00 
    0.00     2.00     0.00     0.00 
    0.00     0.00     2.00     0.00 
    0.00     0.00     0.00     2.00 
Note: Only 4 out of 16 values provided - remaining positions unchanged
Matrix contents:
    1.50     2.70    -3.14     0.00 
    1.00     1.00     1.00     1.00 
    1.00     1.00     1.00     1.00 
    1.00     1.00     1.00     1.00 
Note: Only 6 out of 16 values provided - remaining positions unchanged
Matrix contents:
   10.00    20.00    30.00    40.00 
   50.00    60.00     7.00     8.00 
    9.00    10.00    13.00    12.00 
   13.00    14.00    15.00    18.00 
Matrix contents:
   -1.50    -2.70     3.14    -0.00 
   -1.00    -1.00    -1.00    -1.00 
   -1.00    -1.00    -1.00    -1.00 
   -1.00    -1.00    -1.00    -1.00 
Matrix contents:
    8.50    17.30    33.14    40.00 
   49.00    59.00     6.00     7.00 
    8.00     9.00    12.00    11.00 
   12.00    13.00    14.00    17.00 
Matrix contents:
    8.50    49.00     8.00    12.00 
   17.30    59.00     9.00    13.00 
   33.14     6.00    12.00    14.00 
   40.00     7.00    11.00    17.00 
Matrix contents:
    0.50     1.00     1.50     2.00 
    2.50     3.00     3.50     4.00 
    4.50     5.00     5.50     6.00 
    6.50     7.00     7.50     8.00 
Matrix contents:
    2.00     0.00     0.00     0.00 
    0.00     2.00     0.00     0.00 
    0.00     0.00     2.00     0.00 
    0.00     0.00     0.00     2.00 
Matrix contents:
   -1.50    -2.70     3.14    -0.00 
   -1.00    -1.00    -1.00    -1.00 
   -1.00    -1.00    -1.00    -1.00 
   -1.00    -1.00    -1.00    -1.00 
Matrix contents:
   10.00    20.00    30.00    40.00 
   50.00    60.00     7.00     8.00 
    9.00    10.00    13.00    12.00 
   13.00    14.00    15.00    18.00 
Matrix contents:
    8.50    17.30    33.14    40.00 
   49.00    59.00     6.00     7.00 
    8.00     9.00    12.00    11.00 
   12.00    13.00    14.00    17.00 
Matrix contents:
    8.50    49.00     8.00    12.00 
   17.30    59.00     9.00    13.00 
   33.14     6.00    12.00    14.00 
   40.00     7.00    11.00    17.00 
